1927/1928:38,88,140,193,240,292,342,413,465,558,611,661,739,797,866,940,1004,1054,1107,1159,1222,1271,1335,1390,1462,1533,1596,1663,1726,1793,1854,1939,1994,2054,2115
1928/1929:2171,2219,2269,2310,2352,2396,2443,2490,2537,2592,2646,2692,2744,2815,2868,2945,2999,3064,3141,3199,3272,3328,3378,3437,3492,3545,3603,3654,3714,3767,3842,3912,3981,4045,4142,4200,4246,4307
1929/1930:4383,4427,4479,4527,4578,4629,4681,4737,4789,4837,4887,4940,4992,5064,5120,5179,5226,5287,5364,5426,5504,5566,5666,5732,5784,5839,5911,5957,6037,6102,6165,6236,6313,6438,6565,6696,6812,6935,7042,7095,7146,7196
1930/1931:7255,7305,7346,7387,7450,7500,7547,7598,7641,7683,7731,7779,7855,7904,7953,8003,8059,8108,8169,8228,8277,8326,8378,8434,8487,8534,8592,8645,8716,8778,8848,8935,9010,9083,9148,9211,9300,9359,9442,9519,9595,9669,9781,9867
1931/1932:9952,9997,10043,10102,10144,10194,10256,10320,10372,10429,10479,10545,10604,10653,10699,10761,10837,10888,10956,11025,11096,11169,11241,11319,11401,11487,11567,11645,11720,11789,11868,11941,12011,12096,12171,12244,12309,12395,12456,12514,12608,12674,12767,12839,12939
1932/1933:12999,13049,13118,13182,13237,13285,13331,13390,13478,13547,13599,13655,13727,13794,13865,13927,13988,14050,14109,14170,14231,14298,14356,14416,14475,14537,14610,14676,14753,14827,14899,14947,15008,15067,15120,15196,15262,15350,15412,15481,15563,15630,15704,15757,15849,15940,16026,16109,16197,16278,16348,16430,16504,16627,16745,16880,17029,17103,17186,17268,17337,17431
1934:17522,17572,17623,17666,17724,17770,17817,17879,17946,18031,18103,18163,18229,18283,18354,18404,18464,18519,18585,18642,18697,18742,18805,18974,19117,19286,19417,19529,19646,19739,19792,19856,19916,19985,20063,20124,20189,20249,20315,20380,20466,20547,20634,20719,20795,20873,20947,21021,21114,21199,21324,21432,21573,21689,21805,21916,22033,22136,22204,22292,22353,22419,22489,22577
1935:22617,22665,22718,22763,22799,22849,22900,22950,22990,23037,23081,23126,23178,23270,23346,23415,23471,23558,23637,23685,23745,23807,23868,24000,24092,24237,24386,24488,24600,24747,24818,24876,24920,24992,25045,25101,25159,25212,25283,25346,25414,25590,25723,25890,26024,26123,26254,26371,26426,26503,26571,26642,26707,26768,26840,26915,26990,27060,27122,27173,27246,27326,27416,27488,27570,27645,27730,27804,27900,28017,28156,28273,28381,28516,28624,28747,28824,28940,29017,29082,29164,29245,29313,29373,29553,29662
1936:29707,29757,29796,29849,29894,29937,30000,30068,30132,30200,30275,30323,30385,30432,30482,30530,30600,30665,30732,30798,30870,30921,30968,31058,31118,31202,31291,31340,31400,31476,31540,31609,31666,31723,31787,31845,31931,32014,32116,32196,32280,32357,32436,32480,32537,32593,32644,32693,32746,32800,32858,32913,32974,33027,33183,33342,33496,33644,33787,33892,33998,34128,34250,34367,34497,34562,34632,34705,34771,34836,34906,34973,35046,35120,35181,35259,35320,35382,35447,35530,35594,35671,35729,35806,35875,35931,36003,36119,36252,36364,36474,36589,36709,36825,36939,37052,37106,37184,37248,37346,37415,37500,37555,37623,37698,37792,37835
1937:37914,37953,37998,38048,38097,38148,38215,38282,38362,38425,38482,38528,38566,38612,38659,38708,38775,38838,38904,38966,39037,39105,39165,39211,39270,39329,39384,39453,39513,39582,39657,39733,39792,39850,39917,39981,40035,40092,40140,40194,40257,40334,40437,40535,40627,40704,40785,40856,40906,40958,41019,41067,41119,41168,41223,41277,41344,41413,41556,41698,41849,41988,42122,42268,42417,42560,42719,42846,43039,43199,43355,43492,43603,43700,43823,43955,44079,44138,44212,44282,44351,44417,44491,44547,44618,44673,44754,44813,44896,44969,45044,45114,45179,45257,45344,45421,45478,45543,45614,45727,45839,45957,46072,46197,46303,46417,46540,46643,46750,46811,46874,46962,47036,47124,47184,47284,47390,47467,47561,47600,47661,47725,47782
1938:47845,47883,47936,47977,48017,48058,48120,48186,48245,48313,48380,48424,48463,48504,48553,48604,48664,48732,48800,48882,48951,49019,49086,49168,49220,49272,49329,49394,49462,49517,49574,49631,49681,49745,49799,49860,49908,49967,50025,50072,50130,50197,50255,50315,50360,50404,50455,50516,50583,50647,50696,50740,50804,50892,50949,51009,51067,51131,51203,51268,51336,51400,51453,51519,51586,51639,51712,51773,51820,51895,51949,52005,52066,52121,52180,52302,52395,52526,52619,52730,52843,52968,53074,53186,53313,53407,53483,53547,53613,53693,53778,53836,53900,53965,54036,54115,54194,54265,54327,54414,54486,54567,54635,54716,54792,54870,54978,55106,55223,55333,55445,55554,55672,55786,55894,56014,56089,56163,56227,56306,56393,56451,56520,56608,56690,56840,56913,56971,57013,57082,57148,57193,57234,57294,57353,57416,57476,57536,57595
1939:57657,57708,57755,57806,57850,57909,57966,58044,58106,58171,58250,58293,58335,58375,58427,58478,58556,58634,58709,58787,58856,58920,58974,59041,59099,59167,59227,59294,59371,59444,59499,59578,59634,59706,59789,59860,59928,59991,60069,60145,60226,60299,60367,60443,60529,60614,60698,60779,60885,60947,61003,61054,61116,61158,61211,61286,61345,61423,61477,61545,61604,61669,61727,61792,61858,61948,62011,62080,62144,62207,62276,62342,62414,62467,62549,62618,62667,62739,62796,62888,62942,63040,63094,63157,63212,63326,63438,63554,63643,63721,63807,63882,63938,64010,64074,64155,64235,64306,64385,64454,64524,64595,64673,64738,64803,64881,64947,65017,65079,65148,65264,65386,65498,65618,65739,65853,65975,66087,66230,66345,66463,66554,66634,66734,66805,66866,66955,67038,67104,67180,67262,67325,67392,67458,67559,67635,67725,67806,67850,67907,67946,68014,68060
1940:68124,68175,68223,68278,68319,68373,68449,68516,68595,68662,68727,68768,68808,68867,68912,68952,69015,69088,69162,69243,69313,69401,69484,69564,69643,69727,69818,69913,69995,70064,70159,70223,70290,70360,70439,70523,70613,70681,70765,70850,70934,71002,71082,71159,71237,71304,71379,71457,71535,71613,71695,71789,71875,71947,71999,72041,72087,72144,72190,72249,72295,72353,72418,72462,72517,72581,72650,72720,72798,72872,72929,73000,73066,73126,73199,73265,73322,73414,73469,73536,73603,73660,73715,73764,73814,73878,73930,73986,74061,74117,74234,74353,74471,74580,74691,74809,74922,75042,75151,75228,75319,75390,75471,75527,75588,75657,75732,75809,75884,75954,76028,76104,76175,76254,76332,76384,76457,76533,76611,76725,76837,76957,77073,77178,77299,77411,77526,77637,77763,77874,77982,78097,78237,78335,78456,78604,78741,78854,78958,79069,79193,79312,79436,79591,79663,79776,79872,79948,80024,80111,80171,80252,80350,80415,80484,80542,80610,80687,80763,80798
1941:80848,80891,80933,80986,81042,81084,81150,81227,81302,81375,81450,81497,81554,81597,81649,81697,81773,81838,81912,81982,82053,82209,82364,82501,82648,82780,82908,83027,83082,83223,83345,83471,83616,83747,83887,84014,84092,84162,84248,84328,84401,84484,84553,84634,84699,84777,84883,84965,85045,85132,85191,85279,85326,85384,85440,85492,85540,85618,85720,85812,85901,85989,86077,86151,86239,86298,86383,86478,86527,86591,86654,86710,86764,86858,86937,87017,87105,87188,87278,87363,87454,87538,87641,87728,87800,87892,87971,88058,88132,88208,88289,88380,88468,88547,88634,88711,88817,88906,88975,89060,89140,89210,89295,89396,89513,89632,89758,89879,89982,90109,90218,90337,90416,90475,90544,90611,90691,90773,90846,90919,90987,91045,91142,91229,91286,91357,91439,91522,91600,91671,91741,91822,91896,91963,92026,92100,92170,92247,92321,92403,92477,92546,92629,92705,92823,92939,93067,93173,93287,93411,93524,93640,93740,93853,93961,94104,94214,94334,94469,94580,94691,94816,94927,95042,95134,95214,95325,95421,95497,95576,95648,95712,95797,95862,95951,96035,96104,96169,96232,96273,96353,96420,96538
1942:96596,96646,96691,96744,96788,96833,96897,96959,97030,97094,97158,97203,97248,97302,97354,97411,97479,97560,97627,97695,97762,97913,98069,98204,98359,98484,98601,98766,98912,99057,99196,99349,99466,99574,99699,99833,99903,99988,100064,100132,100208,100291,100373,100451,100538,100611,100713,100776,100844,100907,100994,101090,101130,101179,101228,101273,101329,101399,101463,101532,101609,101690,101776,101851,101933,102008,102092,102172,102245,102315,102405,102486,102568,102620,102682,102757,102829,102897,102969,103039,103089,103160,103213,103278,103334,103389,103444,103536,103637,103729,103830,103920,104006,104096,104182,104270,104358,104449,104551,104646,104746,104835,104936,105058,105155,105233,105328,105408,105506,105584,105657,105757,105843,105962,106081,106192,106318,106441,106544,106676,106780,106915,107012,107069,107133,107205,107277,107347,107437,107510,107578,107638,107712,107780,107846,107925,108003,108083,108159,108230,108311,108397,108475,108552,108619,108693,108805,108906,109016,109112,109195,109314,109427,109555,109663,109778,109901,110018,110145,110261,110380,110494,110611,110748,110874,111001,111141,111300,111377,111461,111550,111636,111722,111831,111916,111999,112087,112182,112264,112375,112468,112566,112648,112688,112743,112799
1943:112861,112904,112956,113003,113047,113094,113171,113245,113305,113366,113441,113492,113549,113600,113644,113701,113777,113853,113932,114006,114078,114222,114390,114541,114667,114792,114942,115083,115220,115382,115518,115673,115775,115844,115915,115991,116068,116143,116218,116283,116360,116442,116513,116580,116670,116735,116820,116884,116932,116984,117037,117094,117149,117217,117328,117409,117499,117595,117675,117799,117887,117997,118063,118187,118259,118348,118437,118522,118605,118715,118801,118881,118968,119049,119177,119253,119353,119449,119538,119624,119725,119798,119844,119890,119950,120024,120086,120207,120293,120415,120526,120626,120719,120813,120906,121002,121093,121187,121280,121381,121473,121574,121715,121790,121871,121952,122065,122147,122235,122319,122408,122487,122568,122685,122815,122932,123047,123178,123301,123444,123562,123686,123805,123871,123943,124014,124089,124156,124227,124295,124370,124448,124521,124599,124693,124773,124847,124925,125010,125094,125204,125283,125364,125436,125530,125616,125690,125771,125867,125982,126101,126219,126337,126444,126544,126656,126747,126870,126989,127101,127224,127355,127460,127594,127732,127876,127970,128052,128137,128238,128323,128389,128460,128532,128606,128679,128775,128839,128956,129025,129093,129130
1944:129190,129229,129271,129317,129370,129408,129475,129543,129609,129665,129736,129779,129835,129881,129928,129980,130062,130136,130200,130266,130337,130477,130614,130736,130895,131025,131160,131293,131358,131522,131673,131793,131907,132055,132186,132311,132415,132487,132557,132628,132699,132766,132836,132929,133031,133102,133186,133263,133330,133386,133450,133519,133574,133625,133672,133714,133761,133800,133871,133963,134090,134153,134247,134296,134337,134400,134475,134522,134630,134734,134840,134931,135025,135118,135228,135336,135433,135528,135615,135737,135839,135935,136022,136120,136214,136311,136395,136489,136558,136650,136733,136812,136897,136999,137084,137163,137246,137326,137413,137495,137580,137668,137803,137911,138030,138142,138243,138359,138462,138594,138715,138832,138948,139068,139126,139186,139241,139324,139379,139478,139547,139616,139696,139778,139850,139917,139998,140084,140155,140269,140359,140430,140512,140629,140735,140853,140957,141069,141186,141306,141406,141519,141631,141721,141829,141973,142107,142262,142381,142524,142691,142791,142868,142967,143042,143141,143239,143321,143408,143505,143567,143638,143720,143814,143889,143978,144069,144112,144147
1945:144210,144262,144304,144350,144403,144451,144515,144580,144654,144716,144787,144844,144892,144946,144992,145043,145107,145171,145253,145323,145391,145518,145686,145853,145998,146174,146300,146437,146590,146697,146841,146923,146998,147071,147159,147228,147308,147376,147440,147523,147588,147645,147697,147749,147797,147846,147922,148037,148123,148253,148345,148406,148462,148518,148573,148631,148738,148832,148923,149017,149130,149223,149326,149423,149518,149619,149712,149801,149900,149996,150096,150209,150302,150390,150484,150587,150706,150784,150864,150959,151043,151129,151222,151316,151392,151508,151612,151695,151781,151906,152015,152151,152274,152383,152500,152620,152750,152831,152937,153050,153172,153269,153397,153463,153538,153597,153659,153733,153807,153890,153969,154054,154135,154214,154278,154362,154457,154575,154658,154736,154838,154956,155046,155128,155215,155333,155455,155568,155693,155812,155927,156017,156144,156262,156348,156454,156564,156701,156777,156943,157067,157176,157278,157372,157471,157555,157641,157706,157779,157854,157924,158011,158099,158182,158247,158313,158400,158440,158483,158529
1946:158635,158694,158735,158780,158822,158874,158942,159013,159073,159154,159221,159276,159324,159373,159421,159463,159539,159608,159676,159743,159825,159995,160130,160282,160347,160433,160564,160649,160723,160788,160883,160947,160995,161050,161098,161147,161217,161280,161400,161489,161578,161646,161709,161763,161813,161863,161969,162077,162163,162250,162338,162417,162497,162576,162657,162747,162872,162995,163112,163252,163364,163451,163522,163589,163654,163718,163800,163885,163971,164048,164127,164201,164289,164363,164446,164516,164603,164685,164759,164851,164978,165093,165204,165286,165412,165495,165592,165670,165754,165843,165917,165995,166056,166142,166226,166316,166396,166495,166555,166625,166675,166743,166784,166831
1947:166892,166937,166981,167032,167080,167138,167214,167284,167358,167417,167484,167526,167589,167645,167705,167760,167833,167897,167972,168039,168112,168267,168392,168500,168618,168706,168780,168859,168923,169010,169077,169129,169175,169223,169278,169329,169463,169599,169673,169781,169873,169971,170032,170102,170161,170219,170271,170368,170466,170561,170651,170743,170811,170893,170988,171068,171189,171318,171436,171564,171668,171784,171860,171911,171982,172057,172128,172201,172290,172367,172440,172514,172593,172680,172757,172831,172929,173006,173092,173180,173261,173362,173480,173607,173695,173871,174061,174159,174271,174342,174425,174529,174619,174691,174774,174848,174962,175020,175074,175138,175240,175310,175367,175406,175443
1948:175547,175588,175632,175685,175726,175770,175839,175901,175968,176053,176127,176172,176224,176270,176327,176372,176446,176513,176583,176642,176706,176818,176936,177060,177168,177252,177330,177400,177476,177553,177628,177725,177794,177863,177930,177997,178075,178150,178195,178246,178293,178343,178410,178481,178559,178640,178726,178805,178856,178910,178966,179015,179068,179153,179244,179334,179426,179517,179608,179687,179760,179846,179934,180048,180162,180274,180397,180528,180599,180661,180729,180791,180871,180949,181028,181104,181183,181262,181345,181430,181529,181612,181685,181770,181849,181920,181993,182065,182190,182298,182418,182568,182773,182867,182936,183001,183076,183166,183266,183347,183426,183501,183579,183644,183691,183729,183768,183819,183859
1949:183916,183971,184009,184058,184103,184148,184217,184287,184348,184414,184479,184516,184567,184616,184664,184715,184776,184847,184921,185001,185059,185213,185340,185502,185625,185766,185869,185941,186007,186086,186152,186225,186300,186368,186451,186508,186580,186663,186746,186847,186913,186967,187020,187068,187115,187182,187248,187324,187414,187491,187603,187691,187761,187811,187859,187922,187975,188068,188156,188246,188345,188433,188523,188635,188753,188866,188982,189116,189193,189257,189310,189382,189450,189522,189610,189692,189772,189843,189923,190003,190102,190184,190254,190338,190414,190510,190592,190684,190818,190935,191061,191123,191179,191258,191361,191433,191510,191580,191645,191712,191766,191828,191906,191976,192052,192188,192266,192365,192431,192472,192511,192554
1950:192594,192647,192696,192740,192777,192827,192891,192952,193018,193085,193154,193198,193242,193290,193329,193375,193433,193499,193561,193625,193692,193844,193991,194128,194280,194388,194522,194595,194672,194741,194812,194886,194954,195015,195087,195158,195225,195314,195384,195467,195534,195661,195740,195797,195849,195898,195945,195991,196084,196175,196271,196344,196419,196472,196531,196614,196684,196742,196833,196932,197029,197124,197214,197312,197403,197477,197557,197639,197758,197889,198005,198126,198229,198292,198347,198418,198490,198544,198630,198704,198786,198864,198950,199025,199096,199174,199266,199386,199494,199611,199723,199823,199891,199966,200056,200145,200221,200314,200399,200467,200544,200609,200667,200754,200835,200925,200988,201080,201190,201261,201302,201344
1951:201407,201458,201513,201565,201611,201661,201717,201789,201864,201925,201990,202044,202101,202150,202203,202246,202313,202388,202453,202529,202600,202748,202902,202965,203099,203254,203403,203544,203721,203860,203925,204002,204074,204156,204234,204319,204422,204489,204568,204627,204715,204800,204903,204994,205069,205154,205255,205345,205422,205481,205547,205598,205658,205709,205765,205822,205910,205979,206146,206388,206474,206534,206595,206656,206707,206758,206855,206949,207045,207131,207230,207313,207412,207512,207589,207681,207827,207969,208068,208177,208294,208372,208471,208548,208615,208702,208790,208870,208951,209027,209115,209194,209258,209336,209416,209541,209665,209775,209907,210027,210085,210183,210251,210344,210433,210512,210588,210666,210738,210820,210896,210976,211081,211156,211226,211310,211368,211406
1952:211465,211508,211547,211602,211644,211696,211765,211831,211898,211960,212025,212084,212128,212167,212224,212280,212361,212431,212500,212577,212654,212821,212945,213081,213188,213338,213463,213605,213711,213844,213989,214075,214146,214223,214291,214370,214444,214498,214572,214652,214724,214798,214880,214942,215038,215109,215213,215308,215384,215446,215520,215575,215640,215686,215732,215778,215848,215914,215990,216070,216174,216263,216341,216402,216450,216515,216581,216632,216722,216806,216899,216995,217082,217168,217260,217338,217420,217507,217602,217725,217866,217969,218078,218166,218234,218302,218360,218449,218522,218599,218682,218776,218858,218940,219022,219125,219199,219266,219340,219417,219501,219574,219658,219781,219855,219968,220097,220164,220286,220352,220445,220522,220604,220678,220738,220793,220907,220969,221040,221126,221207,221290,221360,221503,221553,221598,221642,221682,221718
1953:221781,221825,221865,221920,221962,222015,222079,222139,222195,222269,222331,222367,222405,222453,222506,222557,222616,222676,222743,222816,222892,223043,223149,223287,223387,223516,223648,223779,223915,224134,224273,224342,224424,224500,224573,224660,224738,224814,224867,224923,224977,225049,225133,225210,225300,225370,225435,225497,225586,225664,225725,225784,225826,225875,225917,225961,226073,226149,226230,226313,226392,226482,226565,226652,226712,226772,226825,226876,226938,227034,227151,227241,227326,227419,227497,227572,227649,227764,227854,227977,228092,228235,228348,228450,228528,228599,228662,228733,228797,228881,228960,229031,229115,229207,229308,229387,229463,229561,229638,229712,229783,229873,229948,230027,230146,230265,230396,230530,230647,230714,230791,230868,230930,231027,231098,231156,231227,231278,231360,231419,231505,231578,231666,231745,231845,231883,231944,231987,232038
1954:232099,232148,232197,232242,232285,232345,232412,232479,232554,232621,232685,232734,232780,232821,232869,232920,232985,233049,233123,233199,233276,233424,233577,233642,233716,233848,233985,234117,234246,234389,234509,234585,234659,234736,234801,234873,234933,234992,235072,235142,235220,235329,235400,235492,235571,235635,235693,235767,235826,235920,236034,236086,236147,236198,236248,236290,236370,236450,236523,236616,236712,236786,236847,236903,236976,237045,237137,237222,237326,237425,237520,237604,237710,237822,237898,238016,238138,238271,238387,238504,238637,238712,238789,238863,238952,239037,239116,239188,239261,239341,239422,239506,239587,239672,239755,239825,239890,239990,240107,240220,240354,240461,240574,240645,240701,240780,240865,240935,241009,241087,241181,241246,241310,241373,241458,241575,241660,241725,241824,241910,241986,242048,242105,242146,242185,242223,242284
1955:242347,242386,242435,242475,242533,242585,242643,242708,242763,242832,242893,242943,242990,243055,243103,243155,243212,243280,243348,243414,243488,243642,243797,243933,244067,244211,244349,244477,244635,244758,244903,244980,245059,245125,245192,245269,245334,245413,245482,245541,245606,245680,245760,245825,245896,245965,246028,246092,246175,246237,246318,246374,246419,246460,246501,246544,246620,246707,246795,246882,246969,247026,247087,247153,247219,247270,247356,247466,247573,247657,247747,247825,247923,248009,248105,248219,248349,248500,248607,248731,248832,248919,248982,249055,249118,249191,249302,249393,249463,249541,249620,249695,249771,249846,249931,250016,250103,250175,250252,250388,250515,250635,250758,250851,250919,251009,251083,251159,251260,251337,251478,251560,251630,251695,251752,251835,251890,252000,252093,252189,252281,252377
1956:252459,252503,252536,252579,252613,252662,252719,252792,252858,252932,253002,253044,253088,253138,253181,253227,253292,253359,253425,253493,253568,253651,253813,253958,254130,254289,254425,254523,254664,254821,254980,255048,255116,255196,255286,255364,255441,255513,255575,255643,255704,255782,255861,255938,256018,256106,256180,256248,256312,256440,256505,256571,256626,256669,256717,256763,256842,256927,257023,257117,257193,257286,257363,257467,257553,257608,257691,257754,257813,257953,258030,258112,258211,258292,258379,258484,258587,258672,258760,258855,258957,259047,259138,259236,259381,259471,259560,259713,259831,259916,259993,260077,260152,260233,260332,260410,260504,260598,260684,260764,260836,260908,260981,261047,261168,261283,261471,261588,261704,261801,261862,261933,262009,262095,262182,262252,262364,262436,262514,262589,262660,262740,262806,262895,262968,263046,263108,263148
1957:263206,263245,263296,263356,263417,263464,263523,263596,263678,263743,263806,263865,263913,263964,264007,264065,264137,264220,264283,264346,264410,264530,264664,264777,264913,265009,265072,265142,265188,265242,265297,265361,265431,265479,265525,265583,265645,265691,265734,265781,265843,265919,265993,266070,266137,266200,266264,266337,266404,266474,266529,266581,266643,266694,266759,266819,266891,266935,266991,267133,267246,267354,267466,267585,267670,267737,267803,267890,267982,268060,268159,268233,268321,268409,268489,268562,268647,268722,268808,268930,269051,269156,269266,269396,269472,269560,269709,269840,269945,270039,270139,270246,270349,270537,270693,270886,270946,270990,271029,271098
1958:271180,271225,271275,271320,271368,271422,271491,271563,271627,271697,271758,271807,271854,271907,271954,272011,272073,272142,272211,272281,272351,272454,272558,272691,272816,272936,273010,273091,273165,273245,273319,273388,273460,273518,273592,273653,273714,273794,273866,273911,273971,274029,274082,274127,274176,274240,274315,274391,274470,274548,274625,274708,274792,274869,274947,274999,275058,275117,275162,275219,275282,275333,275383,275448,275518,275611,275715,275807,275902,275997,276096,276170,276237,276310,276399,276541,276659,276756,276877,277005,277064,277149,277224,277286,277358,277441,277512,277597,277674,277758,277837,277918,278008,278116,278203,278336,278428,278535,278602,278715,278838,278933,279038,279160,279278,279409,279514,279633,279803,279921,279966
1959:280027,280075,280116,280161,280206,280256,280316,280390,280463,280539,280608,280648,280697,280757,280808,280867,280940,281010,281081,281146,281226,281360,281528,281652,281772,281916,282038,282145,282330,282489,282621,282697,282764,282851,282932,283024,283085,283148,283214,283277,283339,283401,283499,283565,283638,283720,283783,283853,283911,283973,284036,284080,284140,284192,284242,284293,284373,284460,284548,284646,284718,284780,284849,284908,284964,285019,285074,285131,285184,285229,285303,285388,285489,285581,285669,285756,285835,285928,286018,286095,286172,286297,286397,286513,286626,286755,286833,286899,286981,287053,287140,287218,287287,287357,287433,287515,287605,287690,287802,287916,288024,288150,288258,288367,288532,288656,288802,288909,289003,289108,289212,289335,289461,289571,289751,289931,290041,290095,290136
1960:290177,290223,290268,290310,290359,290406,290469,290534,290588,290650,290709,290762,290808,290857,290907,290957,291024,291091,291179,291237,291301,291425,291571,291700,291816,291967,292109,292252,292350,292491,292614,292688,292773,292848,292915,292992,293056,293140,293193,293246,293305,293399,293474,293565,293635,293707,293763,293817,293867,293934,294004,294053,294103,294148,294198,294249,294342,294422,294509,294630,294739,294813,294883,294932,294986,295045,295101,295151,295195,295247,295295,295356,295415,295504,295593,295676,295777,295861,295940,296010,296106,296172,296296,296400,296506,296634,296738,296853,296917,296988,297058,297128,297201,297271,297332,297400,297472,297558,297670,297755,297837,297917,298078,298184,298292,298379,298494,298567,298654,298756,298882,299004,299107,299210,299375,299500,299625,299742,299848,299904,299943,299982
1961:300031,300067,300107,300164,300216,300256,300326,300402,300472,300536,300601,300657,300700,300742,300792,300845,300916,300990,301072,301139,301207,301350,301478,301593,301718,301790,301930,302017,302150,302284,302397,302483,302563,302634,302714,302791,302844,302909,302984,303053,303119,303199,303274,303351,303425,303492,303555,303612,303677,303763,303828,303886,303933,303991,304043,304111,304272,304395,304488,304584,304643,304749,304829,304879,304938,305002,305061,305118,305180,305233,305291,305338,305402,305503,305586,305686,305786,305882,305960,306052,306135,306210,306329,306450,306594,306711,306837,306958,307020,307097,307166,307246,307318,307387,307460,307532,307605,307693,307773,307863,307950,308036,308128,308240,308340,308441,308544,308711,308819,308941,309052,309159,309276,309382,309485,309618,309764,309921,310046,310159,310218,310286,310329,310371
1962:310432,310483,310534,310594,310643,310695,310763,310846,310917,310985,311047,311099,311162,311228,311281,311333,311406,311476,311550,311630,311703,311836,311985,312143,312303,312451,312572,312704,312852,312988,313157,313236,313345,313426,313500,313591,313654,313711,313779,313852,313942,314018,314106,314181,314249,314338,314396,314447,314530,314585,314673,314721,314778,314830,314882,314941,315035,315111,315189,315282,315368,315424,315482,315546,315619,315686,315734,315797,315873,315933,315982,316061,316152,316246,316328,316423,316518,316600,316683,316793,316912,317041,317201,317345,317471,317596,317664,317733,317818,317891,317964,318051,318136,318201,318292,318378,318513,318591,318711,318837,318913,319012,319112,319238,319349,319459,319574,319690,319792,319914,320011,320118,320227,320380,320541,320661,320790,320905
1963:320963,321003,321053,321092,321124,321176,321242,321314,321371,321432,321494,321543,321592,321629,321681,321742,321805,321871,321933,322005,322076,322150,322233,322365,322526,322674,322779,323005,323144,323323,323459,323529,323603,323668,323746,323835,323895,323953,324081,324145,324227,324312,324397,324463,324537,324609,324670,324762,324833,324890,324954,325002,325051,325114,325151,325199,325309,325416,325483,325564,325640,325735,325827,325914,325990,326045,326095,326151,326213,326326,326391,326450,326502,326559,326620,326698,326789,326894,326997,327078,327167,327258,327354,327450,327549,327680,327778,327919,328043,328158,328221,328281,328352,328421,328484,328557,328631,328708,328799,328872,328946,329022,329142,329230,329305,329402,329517,329680,329801,329927,329992,330070,330117,330172,330316,330430,330533,330660,330757,330861,331029,331298,331411,331534
1964:331592,331630,331673,331710,331756,331855,331912,331979,332049,332109,332169,332215,332265,332319,332380,332436,332502,332575,332651,332720,332806,332985,333123,333205,333325,333405,333544,333681,333808,333955,334104,334195,334273,334361,334446,334523,334582,334652,334713,334777,334853,334930,335016,335097,335182,335249,335305,335364,335425,335499,335576,335620,335726,335777,335825,335881,335956,336034,336109,336219,336297,336396,336483,336561,336654,336763,336806,336855,336926,336981,337034,337086,337133,337200,337258,337330,337413,337515,337615,337726,337814,337910,337999,338089,338188,338364,338491,338610,338745,338865,338987,339044,339165,339242,339307,339378,339461,339550,339625,339723,339814,339913,340008,340095,340200,340300,340407,340533,340586,340644,340742,340808,340903,341093,341205,341307,341415,341573,341679,341860,341985,342158
1965:342218,342283,342322,342363,342406,342449,342519,342593,342659,342723,342781,342832,342874,342921,342973,343021,343092,343152,343212,343284,343353,343469,343626,343746,343894,344062,344199,344317,344493,344617,344744,344815,344883,344948,345021,345094,345167,345231,345295,345392,345456,345522,345586,345658,345742,345816,345899,345964,346067,346147,346216,346265,346311,346358,346411,346471,346579,346668,346747,346824,346904,346989,347057,347140,347222,347318,347368,347421,347487,347543,347604,347662,347712,347759,347821,347894,347988,348075,348175,348264,348379,348459,348578,348674,348766,348871,348989,349151,349280,349397,349518,349575,349638,349703,349771,349834,349928,350026,350127,350216,350298,350393,350462,350535,350656,350858,350966,351069,351242,351299,351359,351442,351501,351619,351732,351833,351930,352034,352212,352315,352466,352582,352699,352762,352798
1966:352858,352933,352996,353032,353079,353132,353191,353252,353324,353406,353477,353525,353580,353624,353667,353735,353820,353894,353957,354018,354093,354219,354316,354452,354598,354743,354893,355029,355099,355232,355378,355457,355525,355602,355670,355762,355827,355883,355950,356014,356082,356176,356245,356316,356385,356476,356528,356585,356656,356748,356803,356855,356909,356968,357022,357088,357169,357258,357361,357443,357516,357616,357711,357817,357892,357982,358041,358143,358246,358304,358372,358433,358499,358558,358606,358656,358723,358785,358848,358921,359004,359126,359246,359345,359437,359541,359632,359728,359831,359935,360058,360114,360188,360287,360352,360434,360522,360649,360750,360834,360910,360993,361092,361203,361302,361414,361539,361594,361645,361713,361770,361863,361971,362077,362211,362330,362515,362644,362744,362917,363038,363098,363142,363183
1967:363241,363288,363332,363375,363429,363488,363557,363624,363705,363773,363846,363891,363939,363989,364038,364104,364183,364259,364332,364414,364481,364593,364744,364861,365033,365167,365226,365277,365334,365388,365440,365503,365552,365615,365696,365758,365808,365856,365921,365971,366032,366121,366189,366258,366331,366413,366508,366596,366695,366784,366874,366924,366980,367057,367126,367186,367258,367311,367380,367434,367492,367561,367633,367723,367790,367872,367971,368085,368183,368305,368402,368508,368612,368722,368829,368965,369032,369101,369166,369246,369323,369389,369472,369566,369648,369737,369816,369922,369998,370075,370149,370231,370312,370366,370433,370497,370581,370701,370819,370921,371040,371150,371274,371425,371545,371656,371767,371825,371865
1968:371928,371984,372021,372055,372104,372144,372219,372277,372334,372389,372452,372508,372562,372605,372652,372703,372760,372828,372909,372971,373043,373164,373266,373375,373479,373611,373664,373723,373771,373836,373882,373942,373991,374049,374107,374153,374213,374268,374309,374365,374424,374512,374587,374671,374745,374838,374932,375016,375104,375199,375277,375326,375408,375460,375506,375579,375644,375711,375775,375829,375913,376009,376114,376223,376335,376448,376570,376687,376799,376911,377081,377252,377391,377518,377640,377822,377879,377946,378002,378067,378163,378264,378346,378433,378530,378634,378707,378777,378874,378950,379035,379096,379157,379221,379307,379380,379487,379586,379681,379785,379889,380023,380122,380241,380344,380479,380536,380595
1969:380640,380697,380744,380795,380838,380876,380939,381016,381079,381157,381238,381299,381361,381412,381460,381522,381589,381666,381732,381800,381886,382019,382153,382328,382450,382567,382635,382703,382777,382835,382882,382950,383003,383059,383110,383177,383229,383301,383356,383425,383461,383559,383651,383736,383845,383916,384024,384127,384213,384315,384403,384460,384518,384600,384675,384720,384772,384838,384930,384989,385033,385149,385274,385374,385489,385593,385757,385898,386021,386138,386294,386441,386569,386746,386874,387063,387139,387223,387289,387357,387429,387514,387609,387676,387746,387835,387910,387965,388055,388117,388182,388243,388331,388392,388565,388674,388775,388913,389018,389174,389326,389532,389688,389884,389943
1970:389981,390039,390093,390141,390180,390220,390303,390372,390449,390509,390574,390628,390676,390717,390763,390823,390891,390953,391013,391076,391141,391278,391383,391516,391626,391818,391866,391914,391971,392083,392138,392183,392233,392299,392351,392400,392456,392502,392545,392596,392643,392726,392795,392897,392970,393038,393114,393212,393297,393386,393492,393539,393589,393636,393732,393785,393841,393890,393973,394034,394082,394138,394195,394253,394310,394368,394468,394664,394764,394846,394984,395188,395352,395478,395624,395771,395827,395915,395979,396038,396097,396221,396315,396389,396492,396579,396677,396734,396791,396859,396925,396980,397033,397116,397211,397327,397479,397581,397681,397884,398022,398165,398316,398484,398543,398583,398623
1971:398684,398733,398785,398822,398867,398909,398981,399051,399129,399201,399273,399327,399363,399417,399475,399529,399597,399672,399802,399880,399952,400072,400216,400339,400467,400615,400676,400737,400800,400863,400918,400981,401034,401098,401181,401250,401306,401362,401423,401484,401543,401626,401708,401779,401881,401964,402055,402156,402252,402357,402468,402546,402601,402664,402711,402766,402818,402872,402945,402999,403080,403157,403246,403307,403376,403449,403626,403765,403883,403994,404179,404352,404523,404700,404843,404961,405032,405103,405178,405256,405327,405402,405474,405573,405668,405751,405856,405949,406024,406104,406159,406224,406324,406418,406526,406634,406745,406883,407014,407164,407351,407502,407651,407810
1972:407853,407898,407935,407975,408022,408060,408129,408191,408256,408312,408373,408414,408464,408516,408555,408599,408672,408748,408818,408880,408958,409074,409176,409287,409390,409538,409601,409654,409719,409772,409836,409896,409981,410048,410111,410169,410209,410255,410301,410357,410406,410483,410568,410661,410748,410830,410922,410992,411072,411209,411298,411348,411398,411469,411540,411603,411697,411776,411832,411892,411945,412012,412076,412178,412255,412335,412398,412502,412616,412735,412849,412995,413189,413342,413500,413553,413614,413679,413746,413808,413892,413975,414047,414136,414248,414316,414390,414449,414515,414599,414674,414765,414881,415004,415111,415211,415360,415600,415789,415941,416088,416196,416258,416302
1973:416348,416398,416442,416489,416523,416564,416639,416704,416772,416835,416900,416945,416996,417046,417097,417162,417226,417295,417359,417423,417507,417643,417742,417837,417939,418043,418102,418154,418221,418272,418337,418392,418436,418484,418529,418601,418653,418708,418759,418820,418868,418952,419036,419122,419210,419311,419388,419487,419597,419704,419828,419899,419959,420055,420141,420193,420248,420318,420376,420437,420502,420578,420660,420728,420801,420877,421064,421199,421388,421512,421635,421735,421854,421990,422090,422160,422230,422325,422391,422464,422568,422664,422760,422836,422932,423008,423070,423142,423203,423266,423374,423476,423579,423677,423786,423967,424121,424269,424414,424577,424636,424678,424718
1974:424784,424828,424887,424924,424965,425013,425084,425160,425235,425311,425384,425449,425492,425533,425573,425633,425717,425788,425857,425939,426012,426130,426250,426380,426548,426673,426724,426776,426822,426895,426974,427025,427077,427145,427208,427275,427321,427374,427439,427476,427541,427651,427750,427856,427951,428057,428148,428219,428297,428404,428499,428572,428618,428669,428726,428802,428851,428903,428954,429012,429065,429134,429229,429324,429385,429463,429603,429813,430015,430122,430231,430349,430488,430596,430655,430753,430880,430935,431004,431095,431202,431285,431375,431471,431538,431633,431737,431814,431905,431960,432027,432094,432167,432238,432327,432392,432471,432585,432674,432832,432950,433029,433128,433233,433347,433407,433447
1975:433486,433535,433599,433643,433704,433759,433828,433909,433985,434055,434112,434168,434204,434271,434310,434353,434416,434474,434548,434609,434702,434809,434911,435039,435157,435260,435312,435372,435425,435481,435569,435649,435722,435785,435859,435922,435969,436019,436071,436116,436183,436290,436370,436451,436575,436679,436796,436900,436996,437079,437180,437233,437276,437340,437442,437524,437606,437662,437723,437777,437833,437906,437967,438021,438101,438173,438312,438442,438572,438693,438792,438910,439047,439203,439268,439356,439432,439492,439594,439658,439726,439836,439908,439988,440067,440170,440269,440341,440441,440534,440635,440714,440818,440902,440997,441071,441145,441224,441313,441426,441549,441655,441744,441826,441929,441993,442034
1976:442093,442154,442209,442277,442334,442393,442449,442509,442576,442652,442706,442785,442843,442897,442953,443014,443092,443156,443226,443285,443351,443462,443585,443704,443803,443908,443966,444019,444071,444118,444174,444231,444291,444356,444411,444478,444538,444587,444629,444674,444727,444812,444913,444985,445081,445223,445307,445399,445485,445567,445641,445705,445781,445823,445885,445959,446030,446088,446166,446222,446276,446337,446397,446469,446532,446601,446733,446873,447001,447100,447229,447382,447506,447637,447712,447804,447865,447943,448028,448098,448166,448252,448357,448431,448533,448623,448712,448815,448912,449004,449103,449191,449305,449410,449541,449657,449780,450028,450206,450382,450558,450741,450858,450973
1977:451036,451093,451148,451217,451286,451355,451430,451485,451546,451604,451665,451733,451786,451847,451918,451984,452055,452126,452215,452278,452354,452457,452587,452702,452831,452934,453012,453078,453127,453195,453254,453320,453367,453429,453496,453544,453589,453662,453704,453748,453800,453908,454017,454113,454219,454371,454483,454587,454687,454809,454899,454971,455014,455092,455169,455228,455278,455331,455393,455446,455515,455598,455654,455730,455801,455860,455996,456165,456383,456509,456650,456874,457017,457137,457202,457265,457320,457377,457465,457535,457648,457755,457829,457920,457994,458093,458177,458250,458372,458456,458551,458631,458732,458876,458987,459080,459224,459318,459416,459557,459753,459932,460111,460285,460470,460539,460652,460713,460755,460816,460867
1978:460919,460983,461050,461115,461187,461245,461305,461378,461442,461515,461580,461645,461718,461788,461848,461909,461976,462044,462114,462181,462249,462383,462485,462605,462697,462828,462887,462945,463005,463069,463117,463165,463222,463282,463336,463382,463425,463478,463543,463586,463636,463715,463797,463903,463981,464135,464245,464331,464458,464547,464638,464699,464749,464803,464859,464905,464973,465045,465097,465149,465238,465310,465371,465428,465499,465564,465626,465694,465751,465859,465968,466132,466260,466402,466465,466584,466650,466736,466819,466889,466961,467057,467154,467238,467313,467393,467489,467592,467691,467779,467879,467977,468075,468189,468290,468397,468490,468632,468819,468905,469002,469148,469203,469243,469314,469358,469396,469446,469495
1979:469546,469614,469679,469746,469807,469867,469932,469998,470061,470129,470199,470264,470323,470389,470450,470508,470580,470648,470716,470782,470853,470977,471108,471230,471340,471503,471560,471619,471675,471736,471784,471833,471888,471969,472024,472095,472140,472192,472239,472293,472350,472414,472498,472592,472688,472789,472862,472970,473042,473144,473218,473267,473373,473429,473487,473558,473617,473677,473732,473807,473863,473933,473989,474057,474138,474188,474315,474446,474623,474767,474887,474996,475129,475263,475333,475462,475524,475596,475672,475758,475827,475933,476028,476135,476238,476332,476440,476527,476630,476720,476811,476898,477002,477135,477213,477292,477444,477560,477663,477815,477914,478031,478142,478262,478354,478475,478582,478666,478727,478768,478805,478861,478911,478963
1980:479012,479074,479140,479201,479255,479317,479382,479451,479522,479581,479650,479713,479778,479847,479904,479976,480047,480116,480182,480248,480323,480430,480547,480701,480772,480850,480909,480970,481020,481074,481144,481203,481261,481325,481372,481434,481484,481537,481586,481634,481675,481737,481813,481914,481985,482133,482234,482331,482413,482525,482631,482692,482746,482802,482846,482902,482954,483024,483079,483182,483230,483295,483358,483430,483483,483537,483638,483739,483850,483961,484082,484157,484226,484297,484380,484464,484537,484605,484707,484798,484895,484985,485087,485172,485272,485357,485457,485591,485695,485830,485931,486076,486216,486302,486396,486494,486620,486762,486801
1981:486846,486899,486961,487024,487078,487142,487208,487266,487329,487386,487456,487526,487580,487647,487712,487791,487863,487928,487998,488064,488127,488240,488335,488518,488646,488740,488789,488845,488897,488964,489013,489073,489138,489195,489249,489296,489343,489393,489441,489503,489544,489678,489749,489902,490012,490109,490193,490271,490354,490467,490563,490619,490684,490739,490801,490856,490918,490970,491021,491072,491126,491187,491229,491290,491348,491409,491464,491536,491716,491818,491940,492063,492160,492240,492308,492373,492448,492503,492570,492640,492737,492827,492902,492990,493053,493156,493255,493354,493419,493515,493624,493738,493840,493944,494067,494160,494255,494339,494428,494524,494627,494746,494802,494846,494911
1982:494963,495020,495075,495129,495187,495252,495341,495427,495505,495566,495634,495700,495758,495815,495881,495957,496036,496093,496155,496214,496287,496376,496498,496605,496708,496847,496894,496960,497026,497085,497132,497194,497243,497299,497362,497420,497468,497533,497583,497627,497673,497767,497856,497929,498014,498094,498174,498284,498413,498499,498587,498633,498700,498743,498807,498878,498943,499015,499079,499161,499237,499272,499338,499414,499485,499560,499622,499688,499806,499929,500109,500235,500393,500534,500665,500825,500927,500992,501068,501146,501229,501304,501373,501445,501521,501612,501713,501792,501869,501934,502043,502131,502223,502301,502356,502450,502539,502628,502731,502817,502914,503024,503125,503219,503319,503404,503512,503596,503707,503863,503923,503964
1983:504015,504078,504139,504199,504263,504323,504395,504465,504538,504603,504661,504722,504796,504854,504919,504988,505041,505106,505188,505244,505309,505362,505495,505674,505812,505917,505975,506025,506083,506136,506182,506236,506291,506356,506430,506477,506522,506576,506619,506671,506729,506828,506920,507011,507112,507200,507302,507447,507523,507633,507744,507812,507875,507991,508036,508094,508140,508191,508250,508304,508352,508415,508482,508544,508611,508672,508778,508888,509019,509165,509282,509398,509537,509678,509745,509805,509892,509959,510032,510118,510216,510294,510374,510448,510529,510621,510706,510794,510896,510991,511053,511119,511212,511309,511408,511513,511620,511733,511830,511930,512023,512132,512264,512326,512363
1984:512417,512478,512533,512599,512651,512718,512787,512859,512933,513004,513110,513176,513245,513303,513371,513430,513504,513567,513641,513708,513792,513896,514012,514159,514274,514363,514415,514474,514528,514584,514636,514686,514755,514815,514870,514916,514959,515012,515066,515117,515172,515266,515377,515457,515527,515637,515750,515872,515981,516073,516174,516239,516312,516366,516420,516494,516551,516601,516663,516717,516802,516856,516953,516992,517077,517136,517204,517262,517325,517401,517460,517529,517662,517777,517883,518009,518135,518192,518261,518352,518423,518531,518596,518691,518756,518860,518975,519039,519122,519203,519317,519406,519498,519592,519720,519810,519903,520054,520158,520258,520361,520520,520616,520717,520816,521021,521102,521163,521204,521267
1985:521318,521374,521438,521511,521575,521634,521690,521763,521830,521893,521957,522020,522089,522152,522226,522289,522360,522431,522502,522564,522634,522725,522849,522950,523027,523118,523174,523235,523289,523363,523408,523473,523539,523595,523644,523684,523745,523796,523844,523884,523924,524017,524139,524216,524312,524392,524478,524603,524729,524832,524924,524973,525082,525144,525199,525243,525318,525372,525435,525498,525575,525620,525676,525745,525808,526039,526099,526159,526215,526401,526540,526646,526784,526909,527031,527106,527172,527236,527298,527372,527464,527542,527615,527709,527780,527893,527993,528075,528172,528262,528354,528426,528505,528597,528694,528792,528892,529004,529102,529217,529322,529433,529551,529662,529763,529942,530010,530049,530087
1986:530144,530208,530264,530336,530402,530457,530515,530590,530648,530720,530780,530845,530921,530990,531064,531124,531195,531272,531358,531429,531505,531598,531702,531809,531905,532049,532101,532167,532219,532284,532353,532408,532474,532542,532591,532665,532710,532766,532813,532856,532908,533005,533086,533189,533317,533400,533489,533579,533700,533774,533882,533925,533987,534033,534081,534143,534205,534256,534331,534403,534449,534531,534588,534643,534697,534756,534818,534884,534965,535122,535250,535396,535536,535656,535751,535826,535907,535968,536039,536132,536232,536320,536407,536480,536559,536659,536753,536853,536962,537056,537108,537184,537259,537356,537451,537565,537691,537794,537896,538007,538122,538279,538379,538482,538567,538670,538711,538774
1987:538825,538888,538950,539015,539073,539146,539212,539280,539345,539410,539477,539530,539595,539659,539715,539773,539847,539915,539982,540060,540132,540238,540338,540468,540597,540731,540789,540846,540906,540967,541016,541067,541124,541182,541244,541309,541359,541408,541467,541514,541569,541724,541838,541909,542007,542134,542242,542353,542440,542521,542614,542667,542722,542795,542857,542906,542990,543048,543104,543154,543205,543248,543303,543380,543446,543539,543606,543678,543796,543972,544104,544282,544392,544459,544549,544613,544681,544763,544844,544932,545001,545074,545194,545267,545357,545419,545507,545596,545690,545789,545891,545982,546083,546219,546342,546500,546620,546715,546807,546904,546991,547092,547151
1988:547197,547264,547312,547371,547442,547510,547575,547645,547725,547793,547864,547931,547993,548059,548126,548200,548264,548339,548416,548492,548561,548655,548758,548850,548963,549070,549130,549176,549233,549306,549368,549430,549490,549548,549597,549668,549726,549793,549846,549892,549939,550076,550187,550273,550348,550451,550542,550638,550738,550838,550950,551016,551074,551133,551177,551241,551291,551350,551412,551466,551547,551619,551666,551728,551799,551866,551935,552008,552063,552160,552266,552373,552482,552569,552667,552726,552788,552854,552938,553012,553115,553200,553278,553363,553449,553533,553625,553721,553797,553895,553962,554055,554166,554260,554385,554495,554666,554767,554911,555007,555095,555247,555386,555479,555557,555618,555667
1989:555720,555778,555850,555915,555983,556051,556120,556188,556258,556333,556395,556463,556533,556593,556671,556741,556809,556888,556961,557030,557093,557187,557315,557404,557508,557600,557651,557698,557769,557836,557885,557965,558028,558084,558134,558183,558245,558302,558353,558398,558445,558544,558664,558777,558875,559000,559106,559197,559315,559364,559446,559501,559567,559614,559670,559726,559784,559842,559913,559999,560057,560140,560215,560286,560349,560432,560498,560606,560762,560872,560993,561115,561209,561311,561407,561495,561557,561643,561701,561759,561821,561888,561955,562042,562142,562257,562355,562458,562540,562636,562724,562817,562909,563019,563142,563244,563370,563476,563593,563693,563790,563883,563992,564092,564152,564194,564246
1990:564348,564415,564475,564545,564604,564672,564742,564817,564887,564945,565005,565061,565126,565189,565262,565332,565399,565466,565528,565592,565665,565770,565873,565971,566082,566182,566228,566286,566340,566406,566464,566512,566578,566639,566692,566745,566800,566868,566917,566966,567024,567117,567200,567290,567426,567541,567625,567725,567808,567917,568036,568092,568135,568230,568285,568364,568423,568485,568552,568608,568658,568734,568799,568862,568916,568981,569035,569089,569148,569252,569372,569513,569639,569768,569853,569939,569996,570079,570141,570203,570262,570336,570421,570503,570569,570675,570751,570857,570957,571051,571164,571259,571343,571436,571499,571596,571700,571818,571920,572025,572107,572193,572281,572367,572458,572578,572618,572655,572735,572786,572837,572884
1991:572941,572995,573054,573130,573195,573260,573317,573374,573430,573494,573559,573623,573684,573759,573821,573888,573952,574016,574089,574160,574234,574330,574421,574516,574607,574710,574755,574804,574868,574936,574992,575047,575101,575148,575194,575248,575300,575342,575380,575442,575492,575592,575707,575810,575897,575985,576112,576253,576332,576419,576547,576602,576661,576722,576822,576873,576933,577003,577056,577103,577168,577238,577340,577412,577480,577536,577600,577652,577726,577848,577979,578094,578268,578383,578449,578539,578610,578702,578806,578867,578929,578982,579071,579145,579220,579305,579399,579471,579550,579650,579724,579833,579929,580021,580114,580230,580345,580480,580597,580729,580848,580943,581026,581126,581233,581328,581368,581427,581478,581603,581655
1992:581707,581767,581827,581889,581951,582013,582080,582142,582209,582276,582345,582409,582473,582538,582603,582666,582735,582805,582873,582938,583007,583115,583209,583309,583408,583514,583563,583621,583672,583742,583793,583855,583911,583977,584025,584070,584119,584164,584210,584261,584309,584420,584494,584624,584740,584839,584962,585091,585230,585340,585449,585505,585554,585609,585661,585706,585760,585807,585858,585920,585970,586044,586134,586194,586249,586314,586367,586429,586498,586630,586741,586860,586971,587081,587149,587246,587310,587376,587439,587488,587569,587667,587723,587786,587863,587928,588004,588061,588140,588221,588293,588391,588478,588561,588615,588705,588781,588878,588975,589079,589191,589308,589417,589544,589655,589748,589843,589951,590040,590134,590194,590256,590300,590350,590441
1993:590488,590565,590648,590706,590779,590842,590925,590993,591060,591132,591214,591295,591375,591435,591508,591569,591630,591692,591752,591825,591904,592004,592114,592187,592297,592396,592456,592511,592563,592623,592692,592759,592806,592858,592935,593003,593063,593107,593163,593219,593265,593364,593441,593530,593652,593731,593844,593940,594038,594159,594218,594283,594332,594387,594440,594505,594562,594629,594689,594766,594830,594920,594991,595046,595113,595186,595252,595385,595538,595637,595755,595884,595949,596024,596082,596188,596295,596354,596436,596509,596565,596628,596707,596797,596884,596960,597030,597101,597204,597312,597401,597492,597568,597645,597724,597821,597923,598045,598178,598316,598443,598560,598673,598752,598849,598939,599027,599186,599243,599283
1994:599331,599405,599463,599540,599600,599661,599729,599789,599865,599926,599988,600042,600102,600167,600229,600291,600356,600435,600499,600575,600650,600755,600849,600969,601074,601182,601233,601290,601337,601402,601452,601560,601624,601678,601725,601779,601834,601885,601937,601983,602029,602112,602181,602265,602330,602429,602515,602604,602678,602771,602849,602902,602981,603030,603101,603143,603234,603292,603352,603416,603479,603548,603633,603724,603786,603865,603926,603987,604060,604187,604298,604408,604573,604676,604773,604854,604919,605031,605104,605177,605255,605317,605393,605449,605557,605638,605717,605785,605857,605974,606063,606165,606270,606360,606449,606527,606588,606688,606780,606882,606989,607112,607223,607331,607454,607571,607678,607792,607946,608059,608117,608167,608228
1995:608277,608343,608413,608469,608530,608604,608661,608718,608776,608830,608900,608969,609038,609094,609173,609245,609301,609367,609437,609500,609574,609677,609763,609862,609916,609967,610026,610074,610135,610199,610247,610298,610351,610403,610479,610528,610567,610611,610661,610712,610774,610840,610935,611063,611157,611253,611362,611451,611581,611658,611735,611794,611853,611905,611957,612009,612065,612130,612184,612236,612290,612366,612433,612505,612571,612638,612701,612791,612870,612958,613104,613178,613253,613335,613457,613571,613736,613863,613974,614033,614120,614212,614334,614406,614485,614543,614615,614673,614733,614811,614892,614981,615066,615150,615237,615341,615426,615525,615601,615680,615752,615816,615912,616004,616132,616250,616363,616557,616677,616768,616861,616988,617197,617303,617364,617404,617443
1996:617495,617554,617622,617699,617754,617819,617891,617950,618013,618076,618147,618213,618276,618337,618414,618482,618545,618623,618700,618778,618855,618949,619059,619152,619195,619321,619379,619426,619472,619528,619583,619639,619681,619737,619781,619846,619906,619943,620004,620051,620090,620179,620246,620339,620448,620530,620634,620720,620791,620875,620977,621035,621080,621126,621177,621218,621274,621329,621394,621460,621509,621593,621667,621757,621835,621899,621976,622044,622110,622183,622269,622431,622522,622606,622724,622879,623063,623180,623295,623364,623417,623532,623607,623660,623734,623791,623868,623922,623995,624073,624161,624231,624316,624410,624473,624566,624644,624737,624821,624893,624969,625061,625165,625267,625377,625498,625604,625719,625827,625922,626014,626100,626190,626306,626346,626404,626451,626520
1997:626592,626655,626715,626773,626834,626903,626968,627029,627098,627163,627234,627313,627374,627432,627499,627556,627627,627687,627758,627826,627887,627973,628073,628178,628272,628364,628414,628461,628520,628573,628635,628684,628732,628792,628844,628905,628956,629008,629061,629114,629158,629232,629319,629392,629479,629573,629667,629745,629820,629939,630029,630089,630146,630202,630257,630338,630394,630454,630517,630577,630627,630694,630773,630844,630909,630983,631046,631123,631188,631333,631416,631496,631574,631671,631783,631880,632001,632107,632225,632329,632396,632466,632572,632647,632705,632763,632873,632935,633015,633095,633178,633259,633344,633427,633517,633595,633679,633756,633837,633915,633979,634055,634175,634283,634381,634493,634628,634743,634867,634986,635136,635235,635332,635425,635534,635575,635621
1998:635681,635750,635814,635879,635935,636002,636064,636130,636193,636264,636334,636395,636467,636540,636604,636671,636737,636804,636875,636949,637020,637111,637209,637318,637424,637529,637585,637637,637700,637763,637817,637866,637918,637976,638036,638091,638146,638205,638258,638313,638361,638437,638526,638599,638685,638767,638878,638956,639059,639114,639166,639224,639281,639363,639419,639476,639531,639589,639638,639682,639774,639846,639918,639995,640065,640142,640215,640293,640436,640513,640655,640744,640859,641051,641183,641291,641408,641495,641583,641700,641837,641946,641998,642090,642146,642214,642303,642373,642475,642554,642638,642714,642794,642876,642973,643060,643137,643199,643265,643350,643434,643530,643638,643752,643860,643969,644081,644198,644340,644457,644554,644667,644761,644799,644860
1999:644923,644983,645055,645117,645181,645247,645321,645378,645452,645522,645593,645660,645721,645794,645862,645927,645996,646071,646148,646221,646290,646395,646500,646599,646704,646810,646868,646928,646981,647038,647105,647162,647217,647290,647338,647391,647440,647494,647554,647600,647656,647744,647818,647897,647983,648070,648134,648228,648354,648431,648495,648583,648634,648691,648751,648798,648848,648915,648969,649057,649104,649138,649204,649268,649331,649402,649468,649540,649679,649791,649881,649986,650091,650171,650250,650334,650418,650521,650574,650659,650734,650790,650872,650981,651058,651157,651232,651351,651449,651519,651603,651687,651801,651872,651931,652030,652120,652241,652345,652463,652585,652698,652819,652944,653035,653136,653230,653329,653416,653457,653517,653569,653623,653692
2000:653759,653826,653885,653939,653991,654046,654110,654182,654245,654312,654375,654436,654498,654568,654637,654704,654763,654829,654894,654965,655031,655098,655233,655327,655419,655521,655591,655642,655689,655758,655812,655879,655958,656007,656063,656112,656161,656223,656278,656322,656370,656507,656559,656655,656750,656829,656893,656978,657061,657138,657242,657307,657376,657424,657474,657521,657575,657649,657713,657772,657832,657895,657980,658049,658107,658183,658239,658297,658357,658464,658604,658760,658900,659005,659095,659200,659300,659395,659493,659568,659660,659717,659798,659884,659971,660046,660138,660224,660291,660367,660463,660544,660615,660659,660748,660845,660952,661079,661256,661402,661523,661645,661749,661846,661952,662117,662229,662269,662310,662375,662425,662505
2001:662579,662644,662697,662746,662812,662875,662932,662994,663055,663155,663207,663271,663323,663386,663450,663525,663600,663665,663730,663797,663854,663945,664024,664076,664173,664271,664398,664528,664631,664681,664739,664830,664895,664953,665022,665074,665156,665264,665339,665389,665439,665487,665572,665622,665690,665790,665891,665966,666031,666127,666207,666285,666350,666405,666492,666534,666584,666632,666679,666725,666794,666854,666922,667020,667085,667162,667226,667312,667410,667474,667586,667741,667845,667934,668035,668118,668210,668302,668437,668529,668613,668677,668767,668832,668900,668980,669041,669121,669222,669310,669386,669467,669601,669686,669768,669843,669921,670037,670179,670266,670393,670529,670670,670862,671030,671188,671293,671422,671537,671660,671719,671761,671803,671858,671905,671986
2002:672046,672106,672164,672231,672300,672363,672425,672482,672549,672609,672685,672739,672800,672858,672925,672986,673051,673115,673176,673239,673308,673361,673422,673507,673570,673632,673720,673823,673934,674065,674167,674212,674269,674330,674382,674442,674492,674536,674593,674638,674690,674732,674787,674833,674882,674932,675021,675105,675191,675263,675328,675413,675522,675610,675713,675759,675820,675866,675943,675994,676060,676125,676189,676249,676307,676365,676439,676507,676573,676632,676689,676755,676867,676987,677144,677245,677371,677432,677525,677599,677722,677819,677881,677947,678022,678097,678153,678233,678362,678446,678531,678648,678721,678803,678926,679012,679086,679187,679259,679318,679443,679544,679662,679770,679870,679944,680019,680101,680181,680324,680414,680496,680603,680644,680709
2003:680778,680879,680948,681005,681071,681129,681190,681253,681316,681379,681446,681515,681587,681650,681711,681768,681848,681921,681991,682052,682123,682200,682262,682337,682447,682548,682688,682822,682920,682973,683024,683090,683178,683232,683302,683359,683465,683552,683607,683659,683741,683796,683876,683925,684005,684095,684178,684257,684340,684417,684487,684550,684601,684652,684737,684819,684873,684938,684983,685043,685105,685160,685255,685365,685465,685521,685583,685644,685713,685807,685950,686118,686262,686385,686496,686628,686713,686851,686949,687044,687097,687178,687257,687318,687372,687457,687546,687604,687686,687772,687844,687931,688051,688136,688278,688400,688544,688627,688763,688908,689047,689155,689239,689386,689469,689556,689645,689731,689883,689995,690082,690123,690173
2004:690241,690300,690364,690428,690497,690547,690606,690672,690731,690804,690859,690922,691002,691065,691135,691222,691289,691348,691412,691479,691541,691601,691660,691716,691822,691926,692061,692169,692246,692303,692367,692435,692501,692566,692618,692678,692767,692810,692854,692903,692960,693001,693047,693090,693173,693273,693336,693418,693495,693571,693672,693754,693861,693952,694008,694070,694124,694177,694217,694276,694343,694393,694448,694504,694601,694684,694745,694817,694906,695002,695074,695140,695359,695481,695601,695740,695904,695982,696080,696188,696281,696341,696418,696491,696548,696623,696677,696759,696825,696918,697011,697067,697140,697213,697270,697339,697420,697524,697614,697727,697853,697948,698055,698210,698294,698380,698470,698563,698638,698807,698900,698978,699052,699109,699149,699202
2005:699250,699315,699379,699445,699509,699589,699650,699705,699771,699843,699915,699986,700052,700122,700188,700257,700314,700377,700448,700523,700599,700668,700755,700862,700972,701097,701204,701306,701411,701465,701525,701594,701652,701709,701788,701850,701913,701975,702032,702081,702124,702163,702228,702273,702339,702437,702524,702607,702668,702776,702872,702944,703070,703134,703195,703242,703286,703341,703391,703444,703518,703590,703644,703756,703829,703918,703992,704065,704133,704188,704257,704394,704554,704657,704744,704837,704912,704990,705086,705142,705254,705358,705404,705482,705556,705630,705724,705807,705872,705943,706003,706059,706198,706304,706414,706502,706591,706743,706848,706956,707060,707135,707225,707312,707400,707512,707626,707702,707792,707867,707908,707954
2006:708012,708078,708137,708191,708261,708338,708408,708480,708546,708607,708671,708729,708795,708855,708926,708991,709052,709125,709201,709268,709327,709379,709438,709495,709586,709714,709821,709951,710052,710111,710170,710222,710283,710336,710403,710466,710516,710576,710628,710686,710737,710795,710841,710888,710968,711041,711121,711194,711286,711385,711466,711553,711637,711702,711757,711833,711890,711979,712038,712106,712168,712224,712270,712335,712389,712454,712515,712579,712645,712712,712774,712895,713018,713134,713223,713332,713433,713495,713605,713714,713811,713873,713927,714007,714063,714148,714261,714340,714422,714504,714568,714634,714684,714763,714844,714952,715043,715127,715211,715315,715430,715556,715650,715755,716030,716181,716265,716361,716449,716525,716656,716744,716831,716906,716966,717009,717055,717282
2007:717346,717411,717483,717575,717647,717714,717824,717899,717980,718044,718111,718188,718253,718322,718383,718435,718503,718569,718632,718695,718765,718847,718903,718973,719074,719171,719275,719415,719515,719614,719666,719742,719805,719866,719926,719980,720049,720102,720189,720260,720300,720349,720419,720481,720564,720669,720740,720822,720895,720974,721066,721150,721217,721281,721357,721407,721470,721529,721578,721639,721685,721736,721778,721846,721901,721987,722049,722116,722186,722250,722312,722428,722548,722680,722790,722911,722999,723087,723185,723284,723393,723455,723543,723672,723744,723829,723917,723997,724112,724195,724279,724363,724424,724492,724577,724650,724742,724849,724929,725012,725104,725211,725336,725434,725518,725596,725699,725812,725919,725989,726077,726157,726285,726364,726404,726456,726506
2008:726569,726631,726692,726742,726822,726883,726937,727007,727073,727140,727212,727285,727347,727408,727463,727524,727579,727659,727716,727808,727873,727943,728022,728078,728176,728305,728405,728505,728605,728652,728730,728786,728854,728920,728973,729051,729107,729152,729211,729282,729326,729365,729412,729466,729561,729660,729727,729801,729877,729957,730046,730110,730225,730312,730362,730423,730466,730525,730593,730643,730694,730744,730802,730869,730945,731021,731109,731172,731224,731291,731346,731475,731584,731707,731831,731922,731990,732108,732182,732253,732326,732403,732458,732531,732608,732698,732772,732847,732934,732989,733058,733135,733194,733241,733365,733449,733539,733614,733696,733815,733916,734003,734148,734226,734305,734381,734470,734549,734627,734705,734782,734921,734978,735024
2009:735086,735146,735209,735268,735326,735390,735447,735514,735588,735656,735731,735798,735864,735928,736028,736091,736150,736216,736285,736352,736449,736504,736568,736656,736720,736769,736884,737029,737117,737224,737333,737379,737460,737516,737581,737641,737695,737760,737840,737886,737945,737987,738041,738101,738182,738231,738315,738392,738473,738615,738679,738807,738923,739033,739130,739219,739298,739347,739417,739474,739556,739602,739659,739709,739778,739836,739898,739971,740044,740098,740168,740250,740312,740368,740482,740603,740719,740811,740958,741031,741134,741221,741301,741417,741490,741626,741702,741754,741853,741918,742019,742118,742179,742249,742325,742422,742476,742553,742638,742716,742777,742838,742906,742964,743059,743135,743228,743310,743425,743529,743626,743722,743818,743897,744028,744149,744250,744329,744420,744519,744608,744744,744785,744825,744866
2010:744924,744981,745038,745107,745172,745229,745294,745357,745417,745490,745559,745633,745695,745763,745827,745896,745957,746035,746099,746165,746232,746321,746385,746443,746555,746692,746806,746907,747003,747058,747109,747165,747226,747276,747338,747395,747452,747503,747552,747601,747651,747702,747756,747812,747897,747965,748044,748124,748198,748271,748356,748443,748528,748619,748670,748720,748774,748819,748890,748939,748988,749048,749098,749169,749217,749307,749364,749435,749491,749561,749617,749701,749837,749948,750067,750174,750268,750366,750447,750559,750660,750755,750873,750939,751024,751114,751172,751243,751305,751384,751493,751555,751616,751678,751739,751814,751863,751930,752011,752076,752133,752215,752304,752405,752512,752609,752717,752852,752952,753052,753143,753235,753322,753460,753559,753669,753745,753912,753992,754101,754189,754231,754274,754313,754380
2011:754445,754508,754573,754633,754705,754759,754833,754891,754947,755015,755100,755161,755218,755298,755362,755437,755503,755568,755636,755701,755766,755851,755933,756002,756062,756117,756219,756356,756459,756568,756664,756721,756795,756845,756905,756957,757006,757057,757101,757154,757202,757255,757308,757350,757401,757455,757539,757658,757751,757823,757912,758048,758146,758222,758313,758419,758495,758546,758630,758678,758734,758784,758833,758885,758941,758993,759082,759190,759255,759328,759389,759441,759518,759576,759679,759806,759870,759965,760047,760145,760219,760310,760405,760513,760598,760661,760781,760838,760916,760989,761068,761138,761217,761294,761359,761422,761489,761554,761644,761711,761826,761888,761977,762104,762198,762328,762420,762516,762640,762758,762870,762940,763060,763180,763295,763378,763470,763547,763630,763710,763769,763814,763852,763904
2012:763969,764042,764102,764165,764226,764285,764338,764414,764485,764546,764617,764687,764766,764824,764907,764970,765030,765089,765159,765222,765298,765370,765428,765498,765571,765630,765686,765747,765801,765851,765899,765958,766013,766063,766116,766185,766227,766289,766330,766376,766438,766515,766615,766704,766782,766874,766953,767031,767117,767205,767286,767335,767382,767427,767509,767588,767636,767685,767727,767783,767833,767927,768045,768129,768194,768251,768311,768367,768423,768521,768647,768763,768872,769019,769127,769215,769323,769423,769538,769623,769706,769816,769915,770024,770162,770275,770378,770477,770534,770587,770679,770772,770826,770899,770975,771037,771150,771204,771268,771325,771395,771466,771528,771609,771695,771775,771855,771937,772065,772182,772285,772386,772514,772587,772696,772773,772848,772943,773016,773104,773175,773273,773352,773416,773455,773498,773547
2013:773608,773673,773727,773803,773871,773945,774012,774080,774153,774225,774293,774355,774420,774479,774536,774606,774672,774745,774817,774891,774951,775045,775145,775232,775320,775401,775461,775513,775575,775629,775682,775742,775807,775868,775931,775990,776044,776090,776136,776188,776249,776346,776442,776520,776594,776698,776763,776826,776896,777011,777115,777208,777267,777345,777410,777462,777531,777588,777638,777700,777748,777833,777912,777998,778061,778117,778187,778249,778314,778447,778549,778669,778781,778956,779074,779175,779264,779342,779429,779503,779598,779728,779867,779977,780099,780213,780308,780419,780486,780567,780649,780708,780785,780869,780998,781074,781214,781295,781366,781422,781473,781561,781615,781722,781819,781950,782043,782128,782223,782346,782446,782553,782665,782778,782859,782950,783034,783127,783235,783312,783413,783482,783554,783614,783657,783697,783735,783788
2014:783863,783921,783986,784060,784157,784232,784293,784350,784449,784510,784570,784645,784721,784785,784845,784904,784970,785025,785099,785197,785264,785350,785449,785540,785615,785717,785809,785874,785938,785985,786034,786102,786155,786211,786265,786320,786414,786461,786508,786567,786621,786720,786805,786892,787003,787088,787198,787257,787343,787427,787498,787565,787610,787674,787736,787780,787825,787875,787927,787980,788034,788110,788202,788302,788380,788451,788510,788568,788647,788762,788867,788969,789114,789238,789368,789517,789604,789724,789830,789938,790057,790151,790272,790390,790495,790603,790708,790794,790873,790947,791010,791070,791139,791227,791328,791413,791492,791567,791678,791775,791826,791899,791983,792104,792193,792272,792350,792468,792585,792707,792808,792927,793005,793089,793190,793286,793362,793548,793626,793719,793851,793927,793988,794037,794079,794121,794178
2015:794258,794314,794371,794437,794501,794566,794632,794692,794752,794819,794881,794938,794992,795050,795114,795173,795251,795308,795372,795444,795507,795595,795656,795729,795815,795913,795955,796016,796071,796126,796173,796217,796266,796320,796378,796432,796477,796530,796588,796630,796673,796742,796818,796915,797019,797128,797206,797301,797391,797498,797592,797641,797699,797752,797797,797884,797948,797995,798048,798093,798139,798244,798370,798464,798527,798581,798649,798710,798786,798944,799044,799132,799262,799375,799468,799577,799652,799739,799849,799980,800030,800141,800273,800382,800493,800592,800692,800767,800843,800927,801007,801072,801146,801202,801295,801351,801433,801506,801556,801625,801676,801758,801841,801928,802003,802105,802213,802316,802417,802525,802630,802748,802848,802922,802994,803072,803144,803251,803326,803481,803570,803742,803803,803840
